[[(0,    0.        ) (0, 1689.47358665) (0, 1111.49853801)
  (0,  798.65511956) (0,  975.69923645) (0,  295.04236984)
  (0, 1264.80551865) (0, 1732.90305557) (0,  937.81128166)
  (0, 1640.00121951) (0, 1815.5467496 ) (0, 1666.19836754)
  (0, 1674.15292014) (0, 2271.16049631) (0, 1936.46327102)
  (0, 2561.8419155 )]
 [(0, 1689.47358665) (0,    0.        ) (0,  596.31702978)
  (0,  916.83858994) (0,  745.2422425 ) (0, 1713.08522847)
  (0, 1010.27224054) (0,  783.68360963) (0, 1878.0599032 )
  (0, 1290.24222532) (0, 1681.56028735) (0, 1994.67791886)
  (0, 2177.3316238 ) (0, 1864.25025144) (0, 2322.50231432)
  (0, 1907.15101657)]
 [(0, 1111.49853801) (0,  596.31702978) (0,    0.        )
  (0,  321.75301086) (0,  149.45233354) (0, 1117.11637711)
  (0,  640.49980484) (0,  790.77809783) (0, 1325.60665357)
  (0, 1053.15383492) (0, 1412.52999968) (0, 1597.6488976 )
  (0, 1745.29911477) (0, 1729.25793333) (0, 1934.23809289)
  (0, 1887.90174532)]
 [(0,  798.65511956) (0,  916.83858994) (0,  321.75301086)
  (0,    0.        ) (0,  177.91290004) (0,  796.35419256)
  (0,  647.44806742) (0,  988.12195604) (0, 1069.32876142)
  (0, 1085.30272275) (0, 1391.93390648) (0, 1474.4046256 )
  (0, 1588.8618568 ) (0, 1773.34147868) (0, 1805.70207952)
  (0, 1987.42446397)]
 [(0,  975.69923645) (0,  745.2422425 ) (0,  149.45233354)
  (0,  177.91290004) (0,    0.        ) (0,  969.26209046)
  (0,  593.34981251) (0,  847.79360696) (0, 1187.46157833)
  (0, 1025.87182435) (0, 1364.04435412) (0, 1506.85433934)
  (0, 1642.19517719) (0, 1712.29816329) (0, 1842.5799847 )
  (0, 1898.55023636)]
 [(0,  295.04236984) (0, 1713.08522847) (0, 1117.11637711)
  (0,  796.35419256) (0,  969.26209046) (0,    0.        )
  (0, 1112.80411574) (0, 1621.29978721) (0,  643.50602173)
  (0, 1442.57894065) (0, 1574.42687985) (0, 1386.15186758)
  (0, 1383.4514809 ) (0, 2039.3724525 ) (0, 1646.99119609)
  (0, 2349.04320948)]
 [(0, 1264.80551865) (0, 1010.27224054) (0,  640.49980484)
  (0,  647.44806742) (0,  593.34981251) (0, 1112.80411574)
  (0,    0.        ) (0,  535.89737824) (0,  972.25562482)
  (0,  438.32065888) (0,  773.68275152) (0,  991.53315628)
  (0, 1167.4403625 ) (0, 1126.94143592) (0, 1324.83244224)
  (0, 1346.76983928)]
 [(0, 1732.90305557) (0,  783.68360963) (0,  790.77809783)
  (0,  988.12195604) (0,  847.79360696) (0, 1621.29978721)
  (0,  535.89737824) (0,    0.        ) (0, 1499.55893515)
  (0,  568.03961129) (0,  944.71000842) (0, 1343.25723523)
  (0, 1554.05952267) (0, 1080.63916272) (0, 1644.69115642)
  (0, 1146.62330344)]
 [(0,  937.81128166) (0, 1878.0599032 ) (0, 1325.60665357)
  (0, 1069.32876142) (0, 1187.46157833) (0,  643.50602173)
  (0,  972.25562482) (0, 1499.55893515) (0,    0.        )
  (0, 1112.06204863) (0, 1094.99223742) (0,  783.9853315 )
  (0,  746.38461935) (0, 1563.67387904) (0, 1011.80630557)
  (0, 1914.15150915)]
 [(0, 1640.00121951) (0, 1290.24222532) (0, 1053.15383492)
  (0, 1085.30272275) (0, 1025.87182435) (0, 1442.57894065)
  (0,  438.32065888) (0,  568.03961129) (0, 1112.06204863)
  (0,    0.        ) (0,  391.31828478) (0,  782.55798507)
  (0, 1000.07199741) (0,  688.66973216) (0, 1076.85560778)
  (0,  926.29692864)]
 [(0, 1815.5467496 ) (0, 1681.56028735) (0, 1412.52999968)
  (0, 1391.93390648) (0, 1364.04435412) (0, 1574.42687985)
  (0,  773.68275152) (0,  944.71000842) (0, 1094.99223742)
  (0,  391.31828478) (0,    0.        ) (0,  499.04007855)
  (0,  723.26067223) (0,  471.6990566 ) (0,  730.06848994)
  (0,  820.9311786 )]
 [(0, 1666.19836754) (0, 1994.67791886) (0, 1597.6488976 )
  (0, 1474.4046256 ) (0, 1506.85433934) (0, 1386.15186758)
  (0,  991.53315628) (0, 1343.25723523) (0,  783.9853315 )
  (0,  782.55798507) (0,  499.04007855) (0,    0.        )
  (0,  225.55930484) (0,  886.67073934) (0,  336.59025536)
  (0, 1261.52487094)]
 [(0, 1674.15292014) (0, 2177.3316238 ) (0, 1745.29911477)
  (0, 1588.8618568 ) (0, 1642.19517719) (0, 1383.4514809 )
  (0, 1167.4403625 ) (0, 1554.05952267) (0,  746.38461935)
  (0, 1000.07199741) (0,  723.26067223) (0,  225.55930484)
  (0,    0.        ) (0, 1086.51461104) (0,  265.65014587)
  (0, 1461.85156565)]
 [(0, 2271.16049631) (0, 1864.25025144) (0, 1729.25793333)
  (0, 1773.34147868) (0, 1712.29816329) (0, 2039.3724525 )
  (0, 1126.94143592) (0, 1080.63916272) (0, 1563.67387904)
  (0,  688.66973216) (0,  471.6990566 ) (0,  886.67073934)
  (0, 1086.51461104) (0,    0.        ) (0,  987.1676656 )
  (0,  375.51564548)]
 [(0, 1936.46327102) (0, 2322.50231432) (0, 1934.23809289)
  (0, 1805.70207952) (0, 1842.5799847 ) (0, 1646.99119609)
  (0, 1324.83244224) (0, 1644.69115642) (0, 1011.80630557)
  (0, 1076.85560778) (0,  730.06848994) (0,  336.59025536)
  (0,  265.65014587) (0,  987.1676656 ) (0,    0.        )
  (0, 1352.47920502)]
 [(0, 2561.8419155 ) (0, 1907.15101657) (0, 1887.90174532)
  (0, 1987.42446397) (0, 1898.55023636) (0, 2349.04320948)
  (0, 1346.76983928) (0, 1146.62330344) (0, 1914.15150915)
  (0,  926.29692864) (0,  820.9311786 ) (0, 1261.52487094)
  (0, 1461.85156565) (0,  375.51564548) (0, 1352.47920502)
  (0,    0.        )]]


Tempo total gasto:  0:00:00.004653
