Algoritimo de Christofides
by Henrique Rotsen Santos Ferreira

Tamanho da instancia: 2^8 [256]

Caminho do caixeiro: [0, 49, 123, 50, 78, 189, 7, 22, 18, 87, 245, 40, 20, 13, 145, 166, 96, 196, 108, 85, 83, 73, 76, 250, 88, 52, 155, 118, 231, 248, 255, 67, 66, 208, 188, 113, 27, 114, 17, 80, 121, 213, 238, 90, 31, 148, 159, 32, 216, 69, 171, 153, 16, 15, 183, 128, 164, 192, 107, 103, 134, 167, 53, 34, 37, 105, 99, 28, 9, 185, 239, 182, 138, 204, 206, 57, 125, 62, 176, 147, 173, 1, 161, 70, 61, 215, 97, 112, 232, 150, 207, 130, 68, 187, 219, 235, 149, 181, 46, 177, 214, 170, 201, 234, 115, 82, 79, 217, 109, 26, 212, 253, 247, 120, 10, 252, 243, 54, 58, 158, 254, 14, 221, 21, 94, 242, 86, 35, 117, 229, 146, 240, 65, 5, 63, 179, 91, 203, 12, 81, 223, 124, 169, 143, 24, 137, 133, 93, 42, 163, 129, 211, 41, 111, 141, 92, 6, 233, 225, 44, 43, 116, 200, 193, 126, 191, 106, 38, 236, 3, 19, 202, 244, 110, 59, 162, 55, 228, 139, 210, 184, 84, 226, 2, 174, 45, 220, 205, 23, 241, 165, 135, 33, 156, 132, 30, 56, 172, 186, 237, 71, 104, 249, 60, 246, 47, 77, 29, 36, 218, 197, 154, 101, 74, 4, 178, 39, 144, 230, 168, 119, 51, 151, 140, 175, 72, 160, 142, 48, 95, 195, 25, 190, 122, 227, 11, 198, 89, 222, 180, 75, 136, 100, 131, 102, 199, 64, 152, 127, 157, 251, 209, 194, 98, 224, 8, 0]
Distancia Euclideana: 281390.62853487226

Caminho do caixeiro: [0, 49, 123, 78, 7, 22, 76, 73, 83, 250, 85, 88, 52, 155, 118, 231, 248, 255, 67, 66, 208, 188, 108, 196, 96, 166, 145, 13, 20, 28, 9, 185, 239, 138, 182, 204, 206, 57, 125, 62, 176, 147, 173, 1, 161, 70, 61, 215, 68, 187, 219, 235, 97, 112, 232, 150, 207, 130, 149, 181, 46, 40, 245, 177, 214, 136, 75, 180, 222, 195, 25, 190, 122, 11, 227, 198, 89, 95, 48, 142, 160, 72, 4, 74, 102, 199, 64, 101, 154, 132, 30, 56, 186, 237, 71, 104, 249, 60, 246, 47, 77, 29, 36, 197, 218, 172, 156, 33, 135, 174, 2, 226, 157, 205, 23, 241, 165, 210, 184, 84, 139, 55, 228, 162, 59, 110, 38, 106, 191, 126, 193, 200, 42, 93, 212, 26, 109, 217, 79, 82, 247, 120, 10, 243, 252, 54, 58, 158, 254, 14, 221, 21, 94, 65, 5, 63, 179, 91, 203, 12, 223, 81, 124, 242, 86, 35, 117, 229, 146, 240, 143, 24, 194, 137, 133, 163, 41, 211, 111, 141, 129, 169, 98, 224, 8, 253, 44, 43, 116, 209, 225, 233, 92, 6, 251, 244, 202, 19, 3, 236, 45, 220, 127, 152, 178, 39, 144, 230, 168, 119, 51, 151, 140, 175, 100, 131, 113, 27, 114, 17, 80, 171, 153, 16, 15, 183, 128, 164, 192, 107, 103, 134, 167, 53, 34, 37, 105, 99, 121, 213, 238, 31, 90, 148, 32, 216, 159, 69, 189, 18, 87, 170, 201, 234, 115, 50, 0]
Distancia de Manhattan: 361243

Diferenca entre as distancias: 79852.37146512774
Diferenca entre as distancias em [%]: 28.377765059518232 %

Tempo Total Gasto na Instancia 2^8 [256]:  0:00:08.875255

----------------------------####################----------------------------
