Algoritimo de Christofides
by Henrique Rotsen Santos Ferreira

Tamanho da instancia: 2^9 [512]

Caminho do caixeiro: [0, 80, 416, 206, 140, 245, 458, 357, 234, 178, 215, 424, 317, 467, 444, 146, 302, 482, 252, 321, 239, 345, 57, 449, 4, 77, 128, 343, 193, 54, 323, 386, 163, 501, 496, 466, 274, 181, 107, 440, 158, 324, 195, 170, 254, 122, 18, 282, 171, 475, 347, 367, 33, 161, 417, 246, 290, 66, 394, 403, 7, 423, 433, 56, 44, 125, 369, 37, 441, 437, 412, 301, 30, 256, 295, 493, 376, 101, 42, 136, 276, 121, 495, 327, 51, 11, 39, 132, 243, 375, 468, 283, 362, 379, 472, 168, 10, 388, 144, 229, 164, 106, 267, 435, 82, 236, 391, 326, 72, 93, 292, 506, 349, 5, 418, 211, 275, 29, 70, 113, 339, 299, 255, 415, 389, 212, 504, 401, 313, 427, 45, 191, 47, 353, 510, 265, 123, 344, 371, 62, 224, 507, 16, 81, 280, 338, 46, 152, 242, 73, 270, 166, 197, 406, 186, 446, 340, 308, 399, 293, 207, 88, 60, 9, 238, 85, 91, 278, 153, 180, 24, 90, 470, 58, 205, 373, 201, 486, 319, 232, 59, 173, 461, 14, 315, 453, 332, 134, 21, 333, 455, 383, 372, 489, 109, 397, 97, 189, 155, 411, 99, 341, 147, 434, 410, 19, 75, 190, 366, 167, 309, 281, 220, 477, 110, 336, 268, 98, 320, 2, 156, 352, 272, 305, 154, 95, 241, 48, 202, 381, 286, 38, 398, 291, 284, 52, 400, 15, 114, 142, 266, 117, 421, 69, 263, 119, 248, 354, 76, 448, 271, 179, 297, 428, 314, 420, 141, 116, 380, 130, 465, 174, 194, 404, 310, 432, 31, 175, 103, 20, 346, 135, 61, 329, 445, 364, 436, 395, 306, 393, 287, 50, 25, 6, 87, 233, 219, 251, 387, 192, 23, 351, 184, 277, 350, 249, 431, 491, 408, 258, 361, 342, 469, 498, 96, 439, 102, 26, 451, 226, 497, 208, 172, 405, 203, 237, 443, 485, 1, 463, 162, 139, 330, 118, 210, 508, 221, 355, 240, 94, 83, 214, 137, 438, 492, 185, 382, 209, 488, 227, 334, 490, 385, 300, 456, 473, 409, 360, 331, 511, 199, 157, 407, 43, 260, 312, 225, 335, 505, 196, 426, 480, 390, 64, 298, 124, 279, 294, 365, 425, 216, 429, 112, 231, 133, 481, 169, 28, 368, 200, 476, 285, 358, 35, 126, 213, 74, 328, 159, 322, 217, 396, 177, 264, 413, 384, 288, 34, 53, 228, 65, 17, 374, 257, 115, 422, 377, 261, 71, 204, 92, 150, 230, 459, 89, 316, 78, 447, 198, 188, 462, 120, 223, 414, 145, 457, 494, 67, 450, 478, 22, 143, 8, 108, 86, 222, 307, 79, 165, 419, 269, 13, 484, 27, 378, 318, 471, 311, 503, 348, 55, 3, 131, 40, 84, 325, 148, 41, 63, 49, 499, 392, 149, 337, 187, 129, 100, 454, 430, 176, 304, 356, 289, 487, 359, 483, 479, 460, 12, 363, 160, 151, 509, 111, 182, 183, 502, 105, 218, 36, 259, 235, 104, 296, 127, 442, 68, 500, 244, 464, 138, 247, 32, 402, 250, 303, 273, 253, 370, 452, 262, 474, 0]
Distancia Euclideana: 531003.0554337491

Caminho do caixeiro: [0, 80, 416, 206, 140, 245, 458, 274, 181, 317, 424, 357, 234, 215, 178, 467, 444, 146, 252, 482, 302, 345, 57, 449, 4, 77, 343, 193, 54, 323, 386, 163, 233, 87, 6, 25, 50, 287, 393, 306, 61, 135, 346, 20, 103, 31, 175, 432, 404, 194, 174, 465, 249, 431, 310, 184, 277, 350, 329, 445, 364, 395, 436, 387, 192, 23, 351, 251, 219, 501, 496, 128, 321, 239, 466, 107, 158, 440, 324, 195, 282, 171, 475, 347, 367, 33, 161, 417, 66, 290, 246, 394, 403, 7, 423, 433, 56, 44, 125, 369, 37, 441, 437, 412, 301, 30, 256, 295, 493, 101, 42, 136, 276, 121, 495, 327, 51, 11, 132, 39, 243, 260, 388, 10, 144, 229, 43, 164, 82, 236, 391, 326, 72, 292, 93, 349, 5, 506, 199, 418, 211, 275, 29, 70, 113, 339, 299, 255, 415, 389, 212, 504, 401, 313, 427, 45, 191, 47, 353, 510, 265, 123, 300, 456, 344, 371, 62, 224, 507, 16, 180, 153, 382, 185, 24, 90, 470, 58, 205, 373, 201, 486, 319, 477, 110, 336, 268, 98, 320, 2, 156, 352, 272, 305, 154, 95, 241, 48, 202, 381, 286, 38, 114, 400, 15, 142, 266, 421, 69, 117, 52, 284, 398, 291, 263, 119, 248, 354, 76, 448, 271, 179, 297, 428, 314, 420, 141, 116, 380, 130, 491, 258, 408, 361, 342, 232, 59, 173, 461, 14, 315, 453, 134, 21, 332, 455, 333, 383, 372, 489, 109, 397, 97, 189, 155, 411, 99, 341, 147, 434, 410, 19, 75, 190, 366, 167, 309, 281, 220, 81, 280, 338, 46, 152, 242, 73, 270, 166, 197, 406, 85, 186, 446, 340, 308, 399, 293, 278, 207, 88, 60, 9, 238, 91, 209, 488, 227, 334, 490, 385, 264, 413, 384, 288, 473, 409, 360, 331, 511, 435, 157, 267, 106, 407, 312, 468, 283, 379, 362, 375, 472, 168, 225, 376, 335, 481, 133, 231, 505, 196, 426, 480, 390, 64, 298, 124, 279, 294, 365, 425, 216, 429, 112, 169, 28, 368, 476, 200, 285, 358, 35, 126, 74, 213, 459, 89, 316, 78, 328, 159, 322, 217, 396, 177, 447, 198, 188, 254, 122, 18, 170, 462, 120, 223, 414, 443, 237, 203, 405, 172, 208, 26, 102, 439, 96, 498, 469, 497, 451, 226, 230, 150, 228, 65, 17, 374, 257, 115, 422, 377, 261, 71, 92, 204, 53, 34, 492, 438, 485, 1, 355, 221, 240, 94, 83, 214, 137, 463, 162, 139, 330, 118, 210, 508, 145, 457, 494, 67, 450, 478, 442, 68, 500, 244, 262, 36, 218, 105, 502, 183, 160, 12, 460, 359, 483, 479, 149, 392, 63, 41, 148, 325, 84, 40, 131, 3, 55, 348, 318, 27, 378, 484, 13, 165, 307, 79, 127, 222, 86, 108, 8, 143, 22, 296, 419, 269, 471, 311, 503, 104, 49, 499, 487, 100, 129, 187, 337, 235, 454, 430, 356, 304, 176, 289, 259, 151, 509, 111, 182, 363, 464, 138, 247, 32, 402, 250, 303, 273, 253, 370, 452, 474, 0]
Distancia de Manhattan: 676163

Diferenca entre as distancias: 145159.9445662509
Diferenca entre as distancias em [%]: 27.336932072392162 %

Tempo Total Gasto na Instancia 2^9 [512]:  0:01:02.057545

----------------------------####################----------------------------
