Algoritimo de Christofides
by Henrique Rotsen Santos Ferreira

Tamanho da instancia: 2^6 [64]

Caminho do caixeiro: [0, 62, 29, 51, 10, 20, 45, 27, 49, 44, 58, 28, 6, 7, 18, 16, 56, 37, 4, 3, 8, 42, 26, 41, 30, 52, 36, 14, 63, 25, 1, 38, 23, 2, 50, 11, 60, 55, 21, 47, 57, 9, 61, 15, 19, 54, 13, 53, 35, 17, 24, 59, 48, 33, 46, 40, 5, 32, 12, 43, 22, 31, 34, 39, 0]
Distancia Euclideana: 63735.92103625924

Caminho do caixeiro: [0, 62, 29, 51, 20, 10, 45, 27, 49, 44, 58, 59, 48, 33, 46, 40, 5, 32, 12, 47, 21, 55, 11, 50, 2, 15, 19, 23, 54, 13, 53, 35, 17, 38, 1, 25, 63, 56, 16, 6, 28, 24, 8, 3, 4, 37, 42, 26, 30, 41, 36, 14, 52, 7, 18, 60, 57, 61, 9, 43, 22, 31, 34, 39, 0]
Distancia de Manhattan: 82918

Diferenca entre as distancias: 19182.078963740758
Diferenca entre as distancias em [%]: 30.09618226561457 %

Tempo Total Gasto na Instancia 2^6 [64]:  0:00:00.245539

----------------------------####################----------------------------
