Algoritimo de Christofides
by Henrique Rotsen Santos Ferreira

Tamanho da instancia: 2^7 [128]

Caminho do caixeiro: [0, 60, 3, 94, 25, 82, 66, 4, 57, 26, 127, 117, 102, 39, 84, 20, 72, 75, 1, 100, 35, 91, 95, 80, 37, 110, 121, 89, 19, 99, 31, 122, 56, 61, 58, 88, 32, 125, 14, 63, 22, 124, 64, 10, 15, 21, 85, 13, 118, 111, 47, 43, 123, 104, 23, 17, 71, 126, 101, 90, 79, 77, 54, 40, 108, 12, 113, 107, 45, 38, 103, 33, 46, 74, 30, 48, 44, 81, 51, 87, 16, 116, 24, 106, 115, 29, 41, 7, 97, 18, 59, 98, 55, 8, 96, 50, 73, 53, 52, 76, 27, 93, 42, 83, 65, 2, 92, 62, 69, 11, 114, 49, 6, 119, 28, 120, 109, 70, 78, 105, 34, 5, 67, 36, 86, 112, 9, 68, 0]
Distancia Euclideana: 123527.31131194513

Caminho do caixeiro: [0, 60, 3, 82, 25, 66, 4, 68, 57, 26, 127, 117, 102, 39, 93, 27, 76, 41, 7, 97, 98, 18, 59, 55, 8, 96, 73, 53, 50, 52, 29, 115, 87, 16, 116, 24, 106, 51, 30, 48, 44, 81, 74, 46, 33, 108, 12, 113, 107, 45, 38, 103, 40, 54, 70, 43, 123, 104, 14, 125, 63, 22, 124, 64, 10, 23, 17, 71, 126, 101, 90, 79, 77, 109, 47, 111, 118, 85, 13, 20, 84, 72, 15, 21, 75, 1, 100, 35, 91, 95, 80, 37, 110, 121, 89, 19, 99, 31, 122, 56, 61, 58, 88, 32, 78, 105, 83, 2, 92, 65, 62, 69, 11, 114, 49, 6, 119, 28, 120, 42, 34, 67, 5, 36, 86, 112, 9, 94, 0]
Distancia de Manhattan: 156606

Diferenca entre as distancias: 33078.68868805487
Diferenca entre as distancias em [%]: 26.778441412458843 %

Tempo Total Gasto na Instancia 2^7 [128]:  0:00:01.273080

----------------------------####################----------------------------
