Algoritimo Twice Arround The Tree
by Henrique Rotsen Santos Ferreira

Tamanho da instancia: 2^8 [256]

Caminho do caixeiro: [0, 198, 226, 236, 122, 123, 248, 41, 195, 176, 253, 157, 78, 99, 17, 159, 22, 180, 121, 205, 96, 76, 183, 193, 74, 225, 34, 232, 9, 229, 130, 39, 175, 79, 216, 228, 36, 145, 60, 103, 249, 47, 181, 240, 126, 5, 27, 139, 167, 1, 142, 166, 53, 188, 189, 143, 131, 255, 207, 169, 254, 127, 182, 235, 20, 132, 246, 173, 70, 191, 160, 33, 56, 177, 153, 12, 105, 67, 62, 73, 208, 59, 117, 243, 158, 133, 219, 220, 75, 218, 152, 21, 231, 201, 80, 239, 68, 233, 61, 91, 227, 6, 174, 141, 245, 215, 50, 23, 209, 213, 58, 252, 93, 104, 37, 200, 247, 203, 187, 244, 204, 138, 30, 42, 19, 83, 118, 102, 185, 194, 179, 64, 87, 168, 241, 148, 92, 46, 223, 210, 38, 84, 125, 52, 170, 43, 97, 16, 238, 129, 35, 120, 113, 69, 222, 230, 57, 51, 171, 15, 202, 72, 63, 40, 172, 116, 135, 234, 45, 250, 147, 184, 29, 14, 211, 150, 25, 155, 28, 13, 196, 224, 24, 151, 136, 85, 114, 32, 48, 95, 18, 149, 128, 217, 86, 251, 106, 212, 98, 165, 66, 7, 112, 54, 146, 101, 115, 154, 81, 90, 197, 192, 206, 186, 65, 49, 89, 44, 71, 88, 199, 162, 8, 10, 82, 109, 26, 190, 221, 77, 163, 110, 237, 124, 144, 108, 94, 156, 4, 140, 242, 214, 31, 111, 134, 11, 137, 119, 107, 161, 178, 2, 164, 3, 55, 100, 0]
Distancia Euclideana: 271408.0190404527

Caminho do caixeiro: [0, 226, 236, 122, 123, 248, 41, 195, 176, 253, 164, 3, 55, 157, 78, 99, 17, 159, 22, 180, 121, 205, 96, 76, 183, 193, 74, 225, 34, 232, 9, 229, 130, 39, 65, 49, 206, 186, 90, 197, 192, 81, 6, 174, 141, 245, 170, 43, 97, 222, 69, 120, 113, 51, 57, 230, 171, 15, 202, 63, 72, 40, 172, 135, 116, 234, 45, 250, 184, 147, 196, 224, 24, 85, 114, 32, 48, 151, 136, 29, 14, 211, 150, 25, 155, 28, 13, 54, 112, 7, 106, 212, 66, 165, 98, 251, 146, 115, 101, 95, 18, 86, 217, 128, 149, 154, 16, 238, 129, 35, 215, 50, 23, 209, 213, 37, 200, 247, 58, 252, 93, 104, 203, 187, 244, 204, 138, 30, 42, 19, 83, 118, 102, 185, 194, 179, 64, 87, 168, 241, 148, 92, 46, 223, 210, 38, 84, 125, 52, 227, 91, 61, 233, 68, 239, 89, 44, 71, 199, 88, 162, 8, 10, 82, 109, 26, 190, 221, 77, 163, 110, 237, 124, 144, 108, 94, 156, 4, 140, 242, 214, 31, 111, 134, 11, 137, 152, 218, 75, 220, 243, 158, 133, 160, 191, 33, 56, 153, 12, 105, 177, 67, 62, 73, 208, 59, 117, 161, 178, 219, 119, 107, 21, 231, 201, 80, 175, 79, 216, 228, 36, 145, 60, 103, 249, 126, 47, 181, 240, 167, 139, 27, 5, 142, 166, 1, 189, 188, 53, 143, 254, 127, 182, 235, 132, 20, 246, 2, 173, 70, 131, 255, 207, 169, 100, 198, 0]
Distancia de Manhattan: 342140

Diferenca entre as distancias: 70731.98095954728
Diferenca entre as distancias em [%]: 26.061124210557995 %

Tempo Total Gasto na Instancia 2^8 [256]:  0:00:00.944395

----------------------------####################----------------------------