Algoritimo Twice Arround The Tree
by Henrique Rotsen Santos Ferreira

Tamanho da instancia: 2^7 [128]

Caminho do caixeiro: [0, 78, 64, 52, 40, 85, 125, 94, 17, 91, 30, 46, 51, 28, 73, 108, 48, 6, 62, 86, 123, 80, 114, 18, 65, 106, 35, 82, 16, 70, 21, 32, 124, 120, 19, 69, 66, 45, 81, 100, 63, 36, 97, 61, 27, 113, 49, 24, 8, 96, 4, 26, 12, 95, 72, 117, 31, 44, 104, 116, 121, 1, 7, 29, 77, 98, 53, 92, 83, 119, 2, 105, 74, 41, 99, 110, 47, 13, 90, 103, 59, 122, 71, 5, 79, 102, 9, 75, 43, 23, 34, 111, 20, 87, 56, 54, 126, 15, 109, 88, 25, 14, 84, 11, 60, 101, 58, 127, 107, 55, 115, 89, 57, 68, 33, 3, 37, 39, 118, 10, 67, 112, 50, 38, 93, 22, 42, 76, 0]
Distancia Euclideana: 142151.05681458014

Caminho do caixeiro: [0, 78, 22, 64, 52, 40, 85, 125, 94, 17, 91, 30, 46, 48, 6, 62, 86, 51, 28, 73, 108, 50, 38, 93, 112, 67, 10, 123, 80, 114, 18, 65, 106, 35, 82, 16, 70, 21, 32, 124, 120, 19, 69, 39, 79, 102, 9, 75, 43, 23, 3, 34, 111, 20, 87, 56, 54, 126, 15, 109, 88, 25, 14, 84, 11, 60, 101, 58, 127, 107, 55, 115, 89, 57, 68, 33, 37, 118, 66, 81, 100, 45, 63, 36, 4, 26, 12, 95, 97, 61, 27, 113, 49, 24, 96, 8, 72, 117, 44, 31, 5, 104, 116, 121, 1, 7, 29, 77, 98, 53, 92, 83, 119, 2, 105, 74, 110, 47, 13, 90, 103, 59, 122, 71, 99, 41, 42, 76, 0]
Distancia de Manhattan: 185029

Diferenca entre as distancias: 42877.94318541986
Diferenca entre as distancias em [%]: 30.163647141469554 %

Tempo Total Gasto na Instancia 2^7 [128]:  0:00:00.259852

----------------------------####################----------------------------