Algoritimo Twice Arround The Tree
by Henrique Rotsen Santos Ferreira

Tamanho da instancia: 2^9 [512]

Caminho do caixeiro: [0, 130, 220, 483, 282, 485, 217, 148, 455, 406, 412, 92, 67, 54, 85, 239, 471, 196, 296, 194, 80, 99, 4, 464, 473, 161, 28, 316, 230, 437, 232, 251, 190, 188, 379, 313, 479, 508, 31, 178, 57, 354, 137, 270, 432, 307, 300, 266, 66, 184, 240, 366, 501, 62, 107, 312, 38, 117, 201, 72, 420, 475, 423, 449, 94, 339, 193, 481, 368, 328, 100, 61, 424, 182, 3, 101, 351, 173, 91, 344, 431, 383, 248, 468, 105, 25, 493, 326, 500, 362, 421, 233, 24, 498, 254, 214, 308, 244, 55, 375, 224, 10, 187, 369, 484, 507, 104, 495, 250, 309, 327, 7, 509, 222, 341, 6, 86, 428, 404, 331, 168, 215, 29, 415, 87, 334, 152, 458, 478, 349, 95, 50, 467, 78, 197, 490, 102, 305, 450, 112, 64, 436, 49, 228, 231, 348, 497, 271, 287, 496, 149, 457, 47, 502, 390, 427, 98, 268, 33, 317, 139, 263, 88, 39, 392, 249, 206, 325, 122, 505, 170, 83, 204, 319, 219, 434, 42, 452, 70, 45, 503, 274, 385, 488, 123, 361, 416, 36, 37, 277, 429, 195, 377, 176, 32, 247, 132, 241, 384, 174, 395, 359, 141, 491, 281, 298, 208, 73, 48, 21, 267, 71, 1, 284, 442, 211, 269, 84, 68, 394, 76, 108, 408, 419, 30, 373, 456, 200, 337, 216, 46, 286, 234, 11, 127, 34, 405, 356, 154, 212, 17, 115, 129, 506, 336, 128, 205, 460, 443, 463, 353, 324, 389, 285, 299, 387, 81, 329, 229, 364, 297, 386, 301, 198, 381, 425, 255, 280, 397, 302, 357, 5, 151, 470, 314, 486, 438, 209, 9, 136, 26, 18, 418, 218, 342, 75, 258, 294, 318, 393, 53, 279, 289, 372, 252, 320, 480, 164, 40, 111, 323, 276, 363, 236, 343, 380, 264, 462, 113, 278, 153, 367, 183, 426, 125, 59, 360, 295, 65, 291, 15, 185, 411, 510, 346, 459, 158, 223, 304, 461, 256, 345, 378, 41, 221, 410, 400, 283, 242, 474, 192, 401, 262, 376, 124, 472, 135, 143, 398, 371, 235, 290, 147, 213, 476, 22, 60, 440, 494, 288, 8, 12, 138, 191, 335, 119, 332, 150, 90, 189, 179, 469, 489, 175, 265, 260, 20, 27, 257, 207, 358, 315, 14, 52, 330, 145, 144, 121, 499, 447, 16, 142, 245, 321, 162, 391, 292, 243, 466, 477, 453, 157, 225, 203, 165, 163, 293, 58, 444, 13, 181, 374, 126, 118, 186, 77, 272, 82, 238, 110, 311, 169, 156, 259, 451, 347, 109, 338, 303, 97, 396, 103, 96, 355, 446, 120, 146, 199, 2, 445, 261, 340, 253, 237, 140, 167, 246, 89, 306, 116, 388, 133, 79, 433, 226, 448, 159, 370, 273, 51, 413, 492, 407, 93, 511, 322, 441, 155, 403, 275, 365, 482, 350, 177, 417, 439, 487, 56, 19, 310, 180, 399, 43, 74, 414, 402, 430, 227, 114, 131, 352, 134, 504, 44, 465, 172, 171, 23, 210, 166, 69, 422, 106, 382, 333, 409, 63, 454, 435, 160, 35, 202, 0]
Distancia Euclideana: 549236.4739174825

Caminho do caixeiro: [0, 130, 220, 483, 282, 485, 217, 148, 435, 382, 333, 202, 409, 454, 63, 303, 338, 347, 451, 259, 156, 97, 396, 103, 96, 146, 199, 2, 311, 169, 110, 238, 82, 77, 272, 374, 181, 13, 444, 58, 293, 445, 163, 165, 225, 203, 157, 453, 477, 466, 243, 447, 499, 121, 144, 145, 330, 52, 340, 167, 140, 237, 253, 246, 89, 315, 14, 306, 116, 388, 133, 27, 20, 175, 265, 260, 489, 469, 189, 179, 90, 150, 433, 226, 448, 8, 288, 159, 370, 273, 51, 413, 93, 492, 407, 511, 494, 22, 60, 440, 476, 213, 398, 371, 235, 290, 143, 472, 135, 262, 376, 124, 192, 401, 474, 242, 283, 400, 221, 41, 378, 345, 256, 461, 304, 223, 158, 346, 459, 479, 508, 31, 313, 379, 188, 190, 251, 232, 437, 230, 316, 28, 161, 473, 80, 194, 99, 482, 350, 177, 417, 196, 296, 92, 412, 406, 471, 455, 67, 54, 85, 239, 4, 464, 403, 275, 365, 349, 478, 215, 29, 168, 415, 87, 334, 152, 458, 56, 487, 439, 19, 310, 180, 399, 43, 74, 414, 402, 430, 227, 114, 131, 352, 134, 504, 44, 465, 171, 172, 23, 210, 166, 69, 106, 422, 331, 404, 86, 6, 222, 341, 467, 309, 509, 7, 327, 250, 244, 308, 214, 254, 498, 24, 233, 421, 362, 326, 500, 493, 424, 182, 61, 100, 64, 112, 344, 173, 91, 431, 383, 248, 468, 105, 25, 351, 101, 3, 436, 49, 328, 368, 481, 193, 228, 231, 348, 497, 271, 287, 496, 149, 457, 47, 502, 427, 98, 268, 33, 317, 390, 139, 263, 490, 102, 305, 450, 197, 78, 55, 375, 507, 104, 495, 224, 10, 187, 369, 484, 428, 95, 50, 510, 411, 206, 325, 122, 505, 170, 83, 249, 178, 57, 354, 392, 38, 201, 117, 72, 94, 420, 475, 423, 449, 312, 107, 62, 501, 366, 240, 184, 66, 300, 266, 39, 307, 432, 137, 270, 88, 339, 155, 441, 322, 147, 70, 452, 45, 42, 434, 503, 219, 274, 385, 488, 361, 416, 36, 37, 277, 429, 195, 377, 176, 32, 247, 418, 218, 342, 75, 258, 294, 318, 393, 53, 279, 289, 252, 372, 183, 360, 59, 125, 426, 320, 480, 164, 40, 153, 278, 276, 363, 236, 343, 380, 264, 462, 111, 323, 113, 18, 367, 132, 241, 384, 174, 395, 359, 299, 387, 81, 26, 295, 15, 185, 123, 319, 204, 410, 12, 138, 191, 335, 119, 332, 79, 286, 46, 216, 337, 200, 456, 373, 30, 419, 408, 68, 84, 269, 211, 234, 11, 127, 34, 284, 1, 71, 267, 21, 356, 154, 212, 17, 115, 129, 506, 336, 128, 205, 298, 281, 491, 141, 389, 285, 297, 364, 329, 229, 386, 301, 198, 381, 255, 280, 397, 302, 425, 357, 5, 151, 470, 486, 438, 209, 136, 9, 314, 324, 463, 353, 460, 443, 48, 73, 208, 405, 291, 65, 442, 394, 76, 108, 257, 16, 142, 358, 207, 245, 321, 162, 391, 292, 261, 126, 118, 186, 446, 120, 355, 109, 160, 35, 0]
Distancia de Manhattan: 707102

Diferenca entre as distancias: 157865.52608251746
Diferenca entre as distancias em [%]: 28.742724414590715 %

Tempo Total Gasto na Instancia 2^9 [512]:  0:00:03.802533

----------------------------####################----------------------------