Algoritimo Twice Arround The Tree
by Henrique Rotsen Santos Ferreira

Tamanho da instancia: 2^6 [64]

Caminho do caixeiro: [0, 30, 44, 17, 37, 47, 26, 62, 28, 40, 21, 2, 43, 53, 4, 5, 58, 59, 16, 55, 6, 27, 50, 13, 29, 63, 60, 23, 18, 14, 33, 24, 1, 19, 41, 31, 45, 49, 3, 36, 9, 56, 46, 42, 8, 12, 11, 61, 48, 38, 32, 22, 54, 39, 15, 57, 25, 51, 10, 34, 52, 7, 35, 20, 0]
Distancia Euclideana: 65382.52937817875

Caminho do caixeiro: [0, 30, 17, 44, 29, 63, 60, 23, 4, 53, 43, 2, 5, 59, 16, 55, 6, 58, 27, 50, 13, 37, 47, 26, 62, 28, 40, 21, 18, 14, 1, 24, 19, 41, 31, 45, 49, 3, 36, 9, 56, 46, 42, 8, 12, 11, 48, 38, 32, 22, 54, 39, 15, 57, 25, 51, 10, 20, 61, 34, 52, 7, 35, 33, 0]
Distancia de Manhattan: 85020

Diferenca entre as distancias: 19637.470621821252
Diferenca entre as distancias em [%]: 30.034736815145614 %

Tempo Total Gasto na Instancia 2^6 [64]:  0:00:00.098730

----------------------------####################----------------------------